3832918|
4119367|
4279160|
4406032|
5008370|
5008371|
5008372|
5008373|
5008374|
6076051|
6597242|
6807402|
7003805|
7128106|
7140896|
7144198|
7145916|
7150210|
7150232|
7150242|
7150270|
7150271|
7150277|
7150294|
7150297|
7150299|
7150301|
7150304|
7150315|
7152147|
7158537|
7158553|
7159644|
7182922|
7185788|
7185803|
7215993|
7222304|
7223222|
7256766|
7257010|
7257013|
7257014|
7257032|
7257044|
7257052|
7277374|
7294194|
7294222|
7294636|
7295001|
7295006|
7296634|
7296635|
7296665|
7296679|
7296707|
7299949|
7302782|
7302787|
7303163|
7303251|
7304899|
7307692|
7308253|
7308254|
7308340|
7308342|
7308344|
7308348|
7308349|
7308350|
7308352|
7308353|
7308354|
7308355|
7308357|
7308365|
7308367|
7308368|
7308371|
7308372|
7308393|
7308395|
7308397|
7308399|
7308401|
7308402|
7308427|
7308451|
7308455|
7308481|
7308482|
7308483|
7308484|
7308485|
7308486|
7308487|
7308488|
7308489|
7308490|
7308491|
7308492|
7308493|
7308494|
7308495|
7308496|
7308497|
7308498|
7308499|
7308500|
7308501|
7308502|
7308503|
7308504|
7308505|
7308506|
7308507|
7308508|
7308509|
7308510|
7308511|
7308512|
7308513|
7308514|
7308515|
7308516|
7308517|
7308518|
7308519|
7308520|
7308521|
7308522|
7308523|
7308524|
7308525|
7308526|
7308527|
7308528|
7308529|
7308530|
7308531|
7308532|
7308535|
7308536|
7308537|
7308542|
7308543|
7308544|
7308545|
7308546|
7308550|
7308554|
7308555|
7308556|
7308557|
7308558|
7308559|
7308560|
7308561|
7308562|
7308564|
7308567|
7308568|
7308569|
7308570|
7308571|
7308572|
7308574|
7308577|
7308578|
7308580|
7308581|
7308587|
7308588|
7308589|
7308590|
7308591|
7308592|
7308593|
7308594|
7308595|
7308596|
7308597|
7308598|
7308599|
7308600|
7308601|
7308602|
7308603|
7308604|
7308605|
7308606|
7308607|
7308608|
7308609|
7308610|
7308611|
7308612|
7308613|
7308614|
7308615|
7308616|
7308617|
7308618|
7308619|
7308637|
7308638|
7308639|
7308640|
7308643|
7308644|
7308669|
7308670|
7308672|
7308673|
7308679|
7308682|
7308684|
7308685|
7308705|
7308711|
7308713|
7308715|
7308717|
7308718|
7308719|
7308720|
7308721|
7308722|
7308723|
7308724|
7308725|
7308731|
7308733|
7308734|
7308736|
7308737|
7308744|
7308746|
7308748|
7308795|
7308796|
7308797|
7308798|
7308799|
7308800|
7308801|
7308802|
7308803|
7308804|
7308805|
7308806|
7308807|
7308808|
7308809|
7308810|
7308811|
7308812|
7308813|
7308814|
7308815|
7308816|
7308817|
7308818|
7308819|
7308820|
7308821|
7308822|
7308823|
7308824|
7308825|
7308826|
7308827|
7308828|
7308829|
7308830|
7308831|
7308832|
7308833|
7308834|
7308835|
7308836|
7308837|
7308838|
7308839|
7308840|
7308841|
7308842|
7308843|
7308844|
7308845|
7308846|
7308847|
7308848|
7308849|
7308850|
7308851|
7308852|
7308853|
7308854|
7308855|
7308856|
7308857|
7308858|
7308859|
7308860|
7308861|
7308862|
7308863|
7308864|
7308865|
7308866|
7308867|
7308868|
7308869|
7308870|
7308871|
7308872|
7308873|
7308874|
7308875|
7308876|
7308877|
7308878|
7308879|
7308880|
7308881|
7308882|
7308883|
7308884|
7308885|
7308886|
7308887|
7308888|
7308889|
7308890|
7308891|
7308892|
7308893|
7308894|
7308895|
7308896|
7308897|
7308898|
7308899|
7308902|
7308903|
7308906|
7308907|
7308908|
7308909|
7308910|
7308911|
7308912|
7308913|
7308914|
7308915|
7308916|
7308917|
7308918|
7308919|
7308920|
7308921|
7308922|
7308923|
7308924|
7308925|
7308926|
7308927|
7308928|
7308929|
7308930|
7308931|
7308932|
7308933|
7308934|
7308935|
7308936|
7308937|
7308938|
7308939|
7308940|
7308941|
7308942|
7308943|
7308944|
7308945|
7308946|
7308947|
7308948|
7308949|
7308950|
7308951|
7308952|
7308953|
7308954|
7308955|
7308956|
7308957|
7308958|
7308959|
7308960|
7308961|
7308962|
7308963|
7308964|
7308965|
7308966|
7308967|
7308968|
7308969|
7308970|
7308971|
7308972|
7308973|
7308974|
7308975|
7308976|
7308977|
7308978|
7308979|
7308980|
7308981|
7308982|
7308983|
7308984|
7308985|
7308986|
7308987|
7308988|
7308989|
7308990|
7308991|
7308992|
7308993|
7308994|
7308995|
7308996|
7308997|
7308998|
7308999|
7309000|
7309001|
7309002|
7309003|
7309004|
7309005|
7309006|
7309007|
7309008|
7309009|
7309012|
7309014|
7309015|
7309016|
7309017|
7309018|
7309019|
7309020|
7309021|
7309022|
7309023|
7309024|
7309025|
7309026|
7309027|
7309028|
7309029|
7309030|
7309031|
7309032|
7309033|
7309034|
7309035|
7309036|
7309037|
7309038|
7309039|
7309040|
7309041|
7309042|
7309043|
7309044|
7309045|
7309046|
7309047|
7309048|
7309049|
7309050|
7309051|
7309052|
7309053|
7309054|
7309055|
7309056|
7309057|
7309058|
7309059|
7309060|
7309061|
7309062|
7309063|
7309064|
7309065|
7309066|
7309067|
7309068|
7309069|
7309070|
7309071|
7309072|
7309073|
7309074|
7309075|
7309076|
7309077|
7309078|
7309079|
7309080|
7309081|
7309082|
7309083|
7309084|
7309085|
7309086|
7309088|
7309089|
7309090|
7309091|
7309092|
7309093|
7309134|
7309140|
7309148|
7309152|
7309154|
7309155|
7309157|
7309159|
7309161|
7309172|
7309174|
7309176|
7309180|
7309181|
7309182|
7309183|
7309185|
7309186|
7309187|
7309189|
7309191|
7309192|
7309193|
7309194|
7309195|
7309196|
7309197|
7309198|
7309199|
7309200|
7309201|
7309202|
7309203|
7309204|
7309205|
7309206|
7309207|
7309208|
7309209|
7309210|
7309211|
7309212|
7309213|
7309214|
7309215|
7309216|
7309217|
7309218|
7309219|
7309220|
7309221|
7309222|
7309223|
7309224|
7309225|
7309226|
7309227|
7309228|
7309229|
7309230|
7309231|
7309232|
7309233|
7309234|
7309235|
7309236|
7309237|
7309238|
7309239|
7309240|
7309241|
7309242|
7309243|
7309244|
7309245|
7309246|
7309247|
7309248|
7309249|
7309250|
7309251|
7309252|
7309253|
7309254|
7309255|
7309256|
7309257|
7309258|
7309259|
7309260|
7309261|
7309262|
7309263|
7309264|
7309265|
7309266|
7309267|
7309268|
7309269|
7309270|
7309271|
7309272|
7309273|
7309274|
7309275|
7309276|
7309277|
7309278|
7309279|
7309280|
7309281|
7309282|
7309283|
7309284|
7309285|
7309286|
7309287|
7309288|
7309289|
7309290|
7309291|
7309292|
7309293|
7309294|
7309295|
7309296|
7309297|
7309298|
7309299|
7309300|
7309301|
7309302|
7309303|
7309304|
7309305|
7309306|
7309307|
7309308|
7309309|
7309310|
7309311|
7309312|
7309313|
7309314|
7309315|
7309316|
7309317|
7309318|
7309319|
7309320|
7309321|
7309322|
7309323|
7309324|
7309325|
7309326|
7309327|
7309328|
7309329|
7309330|
7309331|
7309332|
7309333|
7309334|
7309335|
7309336|
7309337|
7309338|
7309339|
7309340|
7309341|
7309342|
7309343|
7309344|
7309345|
7309346|
7309347|
7309348|
7309349|
7309350|
7309351|
7309352|
7309353|
7309354|
7309355|
7309356|
7309357|
7309358|
7309359|
7309360|
7309361|
7309362|
7309363|
7309364|
7309365|
7309366|
7309367|
7309368|
7309369|
7309370|
7309371|
7309372|
7309373|
7309374|
7309375|
7309376|
7309377|
7309378|
7309379|
7309380|
7309381|
7309382|
7309383|
7309384|
7309385|
7309386|
7309387|
7309388|
7309389|
7309390|
7309391|
7309392|
7309393|
7309394|
7309395|
7309396|
7309397|
7309398|
7309399|
7309400|
7309401|
7309402|
7309403|
7309404|
7309405|
7309406|
7309407|
7309408|
7309409|
7309410|
7309411|
7309412|
7309413|
7309414|
7309415|
7309416|
7309417|
7309418|
7309419|
7309420|
7309421|
7309422|
7309423|
7309424|
7309425|
7309426|
7309427|
7309428|
7309429|
7309430|
7309431|
7309432|
7309433|
7309434|
7309435|
7309436|
7309437|
7309438|
7309439|
7309440|
7309441|
7309442|
7309443|
7309444|
7309445|
7309446|
7309447|
7309448|
7309449|
7309450|
7309451|
7309452|
7309453|
7309454|
7309455|
7309456|
7309457|
7309458|
7309459|
7309460|
7309461|
7309462|
7309463|
7309464|
7309465|
7309466|
7309467|
7309468|
7309469|
7309470|
7309471|
7309472|
7309473|
7309474|
7309475|
7309476|
7309477|
7309478|
7309479|
7309480|
7309481|
7309482|
7309483|
7309484|
7309485|
7309486|
7309487|
7309488|
7309489|
7309490|
7309491|
7309492|
7309493|
7309494|
7309495|
7309496|
7309497|
7309498|
7309499|
7309500|
7309501|
7309502|
7309503|
7309504|
7309505|
7309506|
7309507|
7309508|
7309509|
7309510|
7309511|
7309512|
7309513|
7309514|
7309515|
7309516|
7309517|
7309518|
7309519|
7309520|
7309521|
7309522|
7309523|
7309524|
7309525|
7309526|
7309527|
7309528|
7309529|
7309530|
7309531|
7309532|
7309533|
7309534|
7309535|
7309536|
7309537|
7309538|
7309539|
7309540|
7309541|
7309542|
7309543|
7309544|
7309545|
7309546|
7309547|
7309548|
7309549|
7309550|
7309551|
7309552|
7309553|
7309554|
7309555|
7309556|
7309557|
7309558|
7309559|
7309560|
7309561|
7309562|
7309563|
7309564|
7309565|
7309566|
7309567|
7309568|
7309569|
7309570|
7309571|
7309572|
7309573|
7309574|
7309575|
7309576|
7309577|
7309578|
7309579|
7309580|
7309581|
7309582|
7309583|
7309584|
7309585|
7309586|
7309587|
7309588|
7309589|
7309590|
7309591|
7309592|
7309593|
7309594|
7309595|
7309596|
7309597|
7309598|
7309599|
7309600|
7309601|
7309602|
7309603|
7309604|
7309605|
7309606|
7309607|
7309608|
7309609|
7309610|
7309611|
7309613|
7309615|
7309616|
7309620|
7309621|
7309623|
7309627|
7309630|
7309632|
7309633|
7309634|
7309635|
7309636|
7309637|
7309638|
7309639|
7309640|
7309641|
7309642|
7309643|
7309644|
7309645|
7309646|
7309647|
7309648|
7309649|
7309650|
7309651|
7309652|
7309653|
7309654|
7309655|
7309656|
7309657|
7309658|
7309659|
7309660|
7309661|
7309662|
7309663|
7309664|
7309665|
7309666|
7309667|
7309668|
7309669|
7309670|
7309671|
7309672|
7309673|
7309674|
7309675|
7309676|
7309677|
7309678|
7309679|
7309680|
7309681|
7309682|
7309683|
7309684|
7309685|
7309686|
7309687|
7309688|
7309689|
7309690|
7309691|
7309692|
7309693|
7309694|
7309695|
7309696|
7309697|
7309698|
7309699|
7309700|
7309701|
7309702|
7309703|
7309704|
7309705|
7309706|
7309707|
7309708|
7309709|
7309710|
7309711|
7309712|
7309713|
7309714|
7309715|
7309716|
7309717|
7309718|
7309719|
7309720|
7309721|
7309722|
7309723|
7309724|
7309725|
7309726|
7309727|
7309728|
7309729|
7309730|
7309731|
7309732|
7309733|
7309734|
7309735|
7309736|
7309737|
7309738|
7309739|
7309740|
7309741|
7309742|
7309743|
7309744|
7309745|
7309746|
7309747|
7309748|
7309749|
7309750|
7309751|
7309752|
7309753|
7309754|
7309755|
7309756|
7309757|
7309758|
7309759|
7309760|
7309761|
7309762|
7309763|
7309764|
7309765|
7309766|
7309767|
7309768|
7309769|
7309770|
7309771|
7309772|
7309773|
7309774|
7309775|
7309776|
7309777|
7309778|
7309779|
7309780|
7309781|
7309782|
7309783|
7309784|
7309785|
7309786|
7309787|
7309788|
7309789|
7309790|
7309791|
7309792|
7309793|
7309794|
7309795|
7309796|
7309797|
7309798|
7309799|
7309800|
7309801|
7309802|
7309803|
7309804|
7309805|
7309806|
7309807|
7309808|
7309809|
7309810|
7309811|
7309812|
7309813|
7309814|
7309815|
7309816|
7309817|
7309818|
7309819|
7309820|
7309821|
7309822|
7309823|
7309824|
7309825|
7309826|
7309827|
7309828|
7309829|
7309830|
7309831|
7309832|
7309833|
7309834|
7309835|
7309836|
7309837|
7309838|
7309839|
7309840|
7309841|
7309842|
7309843|
7309844|
7309845|
7309846|
7309847|
7309848|
7309849|
7309850|
7309851|
7309852|
7309853|
7309854|
7309855|
7309856|
7309857|
7309858|
7309859|
7309860|
7309861|
7309862|
7309863|
7309864|
7309865|
7309866|
7309867|
7309868|
7309869|
7309870|
7309871|
7309872|
7309873|
7309874|
7309875|
7309876|
7309877|
7309878|
7309879|
7309880|
7309881|
7309882|
7309883|
7309884|
7309885|
7309886|
7309887|
7309888|
7309889|
7309890|
7309891|
7309893|
7309899|
7309900|
7309902|
7309903|
7309904|
7309905|
7309906|
7309908|
7309909|
7309911|
7309913|
7309914|
7309937|
7309938|
7309940|
7309944|
7309949|
7309983|
7310033|
7310040|
7310045|
7310046|
7310057|
7310065|
7310086|
7310093|
7310105|
7310116|
7310117|
7310118|
7310119|
7310120|
7310121|
7310122|
7310123|
7310124|
7310125|
7310126|
7310127|
7310128|
7310129|
7310130|
7310133|
7310135|
7310136|
7310137|
7310140|
7310141|
7310143|
7310145|
7310149|
7310153|
7310155|
7310156|
7310158|
7310159|
7310160|
7310162|
7310170|
7310171|
7310173|
7310174|
7310176|
7310178|
7310180|
7310181|
7310183|
7310185|
7310189|
7310192|
7310198|
7310200|
7310201|
7310203|
7310205|
7310219|
7310220|
7310221|
7310222|
7310223|
7310224|
7310225|
7310226|
7310227|
7310229|
7310230|
7310231|
7310232|
7310233|
7310234|
7310236|
7310237|
7310238|
7310239|
7310240|
7310242|
7310243|
7310245|
7310246|
7310247|
7310268|
7310279|
7310280|
7310281|
7310282|
7310283|
7310284|
7310285|
7310286|
7310287|
7310288|
7310289|
7310290|
7310291|
7310292|
7310293|
7310294|
7310295|
7310296|
7310297|
7310298|
7310299|
7310300|
7310301|
7310302|
7310303|
7310304|
7310305|
7310306|
7310307|
7310308|
7310309|
7310310|
7310311|
7310312|
7310313|
7310314|
7310315|
7310316|
7310317|
7310318|
7310319|
7310320|
7310321|
7310322|
7310323|
7310324|
7310325|
7310326|
7310327|
7310328|
7310329|
7310330|
7310331|
7310332|
7310333|
7310334|
7310335|
7310336|
7310337|
7310338|
7310339|
7310340|
7310341|
7310342|
7310343|
7310344|
7310345|
7310346|
7310347|
7310348|
7310349|
7310350|
7310351|
7310352|
7310353|
7310354|
7310355|
7310356|
7310357|
7310358|
7310359|
7310360|
7310361|
7310362|
7310363|
7310364|
7310365|
7310366|
7310367|
7310368|
7310369|
7310370|
7310371|
7310372|
7310373|
7310374|
7310375|
7310376|
7310377|
7310378|
7310379|
7310380|
7310381|
7310382|
7310383|
7310384|
7310385|
7310386|
7310387|
7310388|
7310389|
7310390|
7310391|
7310392|
7310393|
7310394|
7310395|
7310396|
7310397|
7310398|
7310399|
7310400|
7310401|
7310402|
7310403|
7310404|
7310405|
7310406|
7310407|
7310408|
7310409|
7310410|
7310411|
7310412|
7310413|
7310414|
7310415|
7310416|
7310417|
7310418|
7310419|
7310420|
7310421|
7310422|
7310423|
7310424|
7310425|
7310426|
7310427|
7310428|
7310431|
7310432|
7310433|
7310434|
7310435|
7310436|
7310437|
7310438|
7310439|
7310440|
7310441|
7310442|
7310443|
7310444|
7310445|
7310446|
7310447|
7310448|
7310449|
7310450|
7310451|
7310452|
7310453|
7310454|
7310455|
7310456|
7310457|
7310458|
7310459|
7310460|
7310461|
7310462|
7310463|
7310464|
7310465|
7310466|
7310467|
7310468|
7310469|
7310470|
7310471|
7310472|
7310473|
7310474|
7310475|
7310481|
7310482|
7310483|
7310484|
7310485|
7310486|
7310487|
7310488|
7310489|
7310490|
7310491|
7310492|
7310493|
7310494|
7310495|
7310496|
7310497|
7310498|
7310499|
7310500|
7310501|
7310502|
7310503|
7310504|
7310505|
7310506|
7310507|
7310508|
7310509|
7310510|
7310511|
7310512|
7310513|
7310514|
7310515|
7310516|
7310517|
7310518|
7310519|
7310520|
7310521|
7310522|
7310523|
7310524|
7310525|
7310526|
7310527|
7310528|
7310529|
7310530|
7310531|
7310532|
7310533|
7310534|
7310535|
7310536|
7310537|
7310538|
7310539|
7310540|
7310541|
7310542|
7310543|
7310544|
7310545|
7310546|
7310547|
7310548|
7310549|
7310550|
7310551|
7310552|
7310553|
7310554|
7310555|
7310556|
7310557|
7310558|
7310559|
7310560|
7310561|
7310562|
7310563|
7310564|
7310565|
7310566|
7310567|
7310568|
7310569|
7310570|
7310571|
7310572|
7310573|
7310574|
7310575|
7310576|
7310577|
7310578|
7310579|
7310580|
7310581|
7310582|
7310583|
7310584|
7310585|
7310586|
7310587|
7310588|
7310589|
7310590|
7310591|
7310592|
7310593|
7310594|
7310595|
7310599|
7310600|
7310602|
7310603|
7310605|
7310606|
7310607|
7310609|
7310610|
7310611|
7310617|
7310619|
7310621|
