1390540|
5610804|
5727903|
5727904|
5727905|
5727906|
5727907|
5727908|
5727909|
5727910|
5727911|
5727912|
5727913|
5727914|
5902294|
6093246|
7026457|
7036659|
7149234|
7180072|
7219191|
7256657|
7294121|
7295210|
7296797|
7296798|
7297462|
7297487|
7297488|
7306361|
7307829|
7308105|
7308753|
7308759|
7312418|
7322921|
7335331|
7335332|
7335333|
7335334|
7335335|
7335336|
7335337|
7335338|
7335339|
7335340|
7335341|
7335342|
7335343|
7335344|
7335345|
7335346|
7335347|
7335348|
7335349|
7335350|
7335351|
7335352|
7335353|
7335354|
7335355|
7335356|
7335357|
7335358|
7335359|
7335360|
7335361|
7335362|
7335363|
7335364|
7335365|
7335366|
7335367|
7335368|
7335369|
7335370|
7335371|
7335372|
7335373|
7335374|
7335375|
7335376|
7335377|
7335378|
7335379|
7335380|
7335381|
7335382|
7335383|
7335384|
7335385|
7335386|
7335396|
7335401|
7335402|
7335403|
7335404|
7335405|
7335406|
7335407|
7335408|
7335409|
7335410|
7335411|
7335412|
7335413|
7335414|
7335415|
7335416|
7335417|
7335418|
7335419|
7335420|
7335421|
7335422|
7335423|
7335424|
7335425|
7335426|
7335427|
7335428|
7335429|
7335430|
7335431|
7335432|
7335433|
7335434|
7335435|
7335436|
7335437|
7335438|
7335439|
7335440|
7335441|
7335442|
7335443|
7335444|
7335445|
7335446|
7335447|
7335448|
7335449|
7335450|
7335451|
7335452|
7335453|
7335454|
7335455|
7335456|
7335457|
7335458|
7335459|
7335460|
7335662|
7335665|
7335672|
7335673|
7335674|
7335675|
7335676|
7335679|
7335681|
7335682|
7335684|
7335685|
7335686|
7335687|
7335688|
7335689|
7335692|
7335694|
7335696|
7335697|
7335700|
7335701|
7335702|
7335703|
7335706|
7335742|
7335744|
7335745|
7335763|
7335796|
7335810|
7335811|
7335812|
7335813|
7335814|
7336158|
7336159|
7336160|
7336161|
7336162|
7336164|
7336166|
7336167|
7336168|
7336169|
7336171|
7336172|
7336175|
7336176|
7336178|
7336180|
7336181|
7336183|
7336184|
7336185|
7336188|
7336190|
7336192|
7336193|
7336194|
7336195|
7336196|
7336197|
7336198|
7336199|
7336200|
7336201|
7336202|
7336203|
7336204|
7336205|
7336206|
7336207|
7336208|
7336209|
7336210|
7336211|
7336212|
7336213|
7336214|
7336215|
7336216|
7336217|
7336218|
7336219|
7336220|
7336221|
7336222|
7336223|
7336224|
7336225|
7336226|
7336227|
7336228|
7336229|
7336230|
7336231|
7336232|
7336233|
7336234|
7336235|
7336236|
7336237|
7336238|
7336239|
7336240|
7336241|
7336242|
7336243|
7336245|
7336246|
7336247|
7336248|
7336249|
7336250|
7336251|
7336252|
7336253|
7336254|
7336255|
7336256|
7336257|
7336258|
7336259|
7336260|
7336261|
7336262|
7336263|
7336264|
7336265|
7336266|
7336267|
7336268|
7336269|
7336270|
7336271|
7336272|
7336273|
7336274|
7336275|
7336276|
7336277|
7336278|
7336279|
7336280|
7336281|
7336282|
7336283|
7336284|
7336285|
7336286|
7336287|
7336288|
7336289|
7336290|
7336291|
7336292|
7336293|
7336294|
7336295|
7336296|
7336297|
7336298|
7336299|
7336300|
7336301|
7336302|
7336303|
7336304|
7336305|
7336306|
7336307|
7336308|
7336309|
7336310|
7336311|
7336312|
7336313|
7336314|
7336315|
7336316|
7336317|
7336318|
7336319|
7336320|
7336321|
7336322|
7336323|
7336324|
7336325|
7336326|
7336327|
7336328|
7336329|
7336330|
7336331|
7336332|
7336333|
7336334|
7336335|
7336336|
7336337|
7336338|
7336339|
7336340|
7336341|
7336342|
7336343|
7336344|
7336345|
7336346|
7336347|
7336348|
7336349|
7336350|
7336351|
7336352|
7336353|
7336354|
7336355|
7336356|
7336357|
7336358|
7336359|
7336360|
7336361|
7336362|
7336363|
7336364|
7336365|
7336366|
7336367|
7336368|
7336369|
7336370|
7336371|
7336372|
7336373|
7336374|
7336375|
7336376|
7336377|
7336378|
7336379|
7336380|
7336381|
7336382|
7336383|
7336384|
7336385|
7336386|
7336387|
7336388|
7336389|
7336390|
7336391|
7336392|
7336393|
7336394|
7336395|
7336396|
7336397|
7336398|
7336399|
7336400|
7336401|
7336402|
7336403|
7336404|
7336405|
7336406|
7336407|
7336408|
7336409|
7336410|
7336411|
7336412|
7336413|
7336414|
7336415|
7336416|
7336417|
7336418|
7336419|
7336420|
7336421|
7336422|
7336423|
7336424|
7336425|
7336426|
7336427|
7336428|
7336429|
7336430|
7336431|
7336432|
7336433|
7336434|
7336435|
7336436|
7336437|
7336438|
7336439|
7336440|
7336441|
7336442|
7336443|
7336444|
7336445|
7336446|
7336447|
7336448|
7336449|
7336450|
7336451|
7336452|
7336453|
7336454|
7336455|
7336456|
7336457|
7336458|
7336459|
7336460|
7336461|
7336462|
7336463|
7336464|
7336465|
7336466|
7336467|
7336468|
7336469|
7336470|
7336471|
7336472|
7336473|
7336474|
7336475|
7336476|
7336477|
7336478|
7336479|
7336480|
7336481|
7336482|
7336483|
7336484|
7336487|
7336489|
7336491|
7336493|
7336497|
7336498|
7336499|
7336500|
7336520|
7336521|
7336523|
7336524|
7336525|
7336526|
7336527|
7336528|
7336529|
7336530|
7336531|
7336532|
7336533|
7336534|
7336535|
7336536|
7336537|
7336538|
7336539|
7336540|
7336541|
7336542|
7336543|
7336544|
7336545|
7336546|
7336547|
7336548|
7336549|
7336550|
7336551|
7336552|
7336553|
7336554|
7336555|
7336556|
7336557|
7336558|
7336559|
7336560|
7336563|
7336564|
7336565|
7336566|
7336568|
7336569|
7336570|
7336571|
7336572|
7336573|
7336574|
7336575|
7336576|
7336577|
7336578|
7336579|
7336580|
7336581|
7336582|
7336583|
7336584|
7336585|
7336586|
7336587|
7336588|
7336589|
7336590|
7336591|
7336592|
7336593|
7336594|
7336595|
7336596|
7336597|
7336598|
7336599|
7336608|
7336611|
7336627|
7336628|
7336629|
7336630|
7336631|
7336632|
7336633|
7336634|
7336635|
7336636|
7336637|
7336638|
7336639|
7336640|
7336641|
7336642|
7336643|
7336644|
7336645|
7336646|
7336647|
7336648|
7336649|
7336650|
7336651|
7336652|
7336653|
7336654|
7336655|
7336656|
7336657|
7336658|
7336659|
7336660|
7336661|
7336662|
7336663|
7336664|
7336665|
7336668|
7336669|
7336670|
7336671|
7336672|
7336673|
7336674|
7336675|
7336676|
7336677|
7336678|
7336679|
7336680|
7336681|
7336682|
7336683|
7336684|
7336685|
7336686|
7336687|
7336688|
7336689|
7336690|
7336691|
7336692|
7336693|
7336694|
7336695|
7336696|
7336697|
7336698|
7336699|
7336700|
7336701|
7336702|
7336703|
7336704|
7336705|
7336706|
7336707|
7336708|
7336709|
7336710|
7336711|
7336712|
7336713|
7336714|
7336715|
7336716|
7336717|
7336718|
7336719|
7336720|
7336721|
7336722|
7336723|
7336724|
7336725|
7336726|
7336727|
7336728|
7336729|
7336730|
7336731|
7336732|
7336739|
7336740|
7336741|
7336742|
7336743|
7336744|
7336745|
7336746|
7336747|
7336748|
7336749|
7336750|
7336751|
7336752|
7336757|
7336817|
7336818|
7336819|
7336820|
7336821|
7336822|
7336823|
7336824|
7336825|
7336826|
7336827|
7336828|
7336829|
7336830|
7336831|
7336832|
7336833|
7336834|
7336835|
7336836|
7336837|
7336838|
7336839|
7336840|
7336841|
7336842|
7336843|
7336844|
7336845|
7336846|
7336847|
7336848|
7336849|
7336850|
7336851|
7336852|
7336853|
7336854|
7336855|
7336856|
7336857|
7336858|
7336859|
7336860|
7336861|
7336979|
7336981|
7336983|
7336984|
7336989|
7337000|
7337076|
7337077|
7337078|
7337079|
7337080|
7337081|
7337082|
7337083|
7337084|
7337085|
7337086|
7337087|
7337088|
7337089|
7337090|
7337091|
7337092|
7337093|
7337094|
7337095|
7337096|
7337097|
7337098|
7337099|
7337100|
7337101|
7337102|
7337103|
7337104|
7337105|
7337106|
7337107|
7337108|
7337109|
7337110|
7337111|
7337112|
7337113|
7337114|
7337115|
7337116|
7337117|
7337118|
7337119|
7337120|
7337121|
7337122|
7337123|
7337124|
7337125|
7337126|
7337127|
7337128|
7337129|
7337130|
7337131|
7337132|
7337133|
7337134|
7337135|
7337136|
7337137|
7337138|
7337139|
7337140|
7337141|
7337142|
7337143|
7337144|
7337145|
7337146|
7337147|
7337148|
7337149|
7337151|
7337152|
7337161|
7337162|
7337163|
7337166|
7337167|
7337168|
7337171|
7337173|
7337175|
7337177|
7337179|
7337180|
7337181|
7337182|
7337183|
7337184|
7337185|
7337186|
7337187|
7337188|
7337189|
7337190|
7337191|
7337192|
7337193|
7337194|
7337195|
7337196|
7337197|
7337198|
7337199|
7337200|
7337201|
7337202|
7337203|
7337204|
7337205|
7337206|
7337207|
7337208|
7337209|
7337210|
7337211|
7337212|
7337213|
7337214|
7337215|
7337216|
7337217|
7337218|
7337219|
7337220|
7337221|
7337222|
7337223|
7337224|
7337225|
7337226|
7337227|
7337228|
7337229|
7337230|
7337231|
7337232|
7337233|
7337234|
7337235|
7337236|
7337237|
7337238|
7337239|
7337240|
7337241|
7337242|
7337243|
7337244|
7337245|
7337246|
7337247|
7337248|
7337249|
7337250|
7337251|
7337252|
7337253|
7337254|
7337255|
7337256|
7337257|
7337258|
7337259|
7337260|
7337261|
7337262|
7337263|
7337264|
7337265|
7337266|
7337267|
7337268|
7337269|
7337270|
7337271|
7337272|
7337273|
7337274|
7337275|
7337276|
7337277|
7337278|
7337279|
7337280|
7337281|
7337282|
7337283|
7337284|
7337285|
7337286|
7337287|
7337288|
7337289|
7337290|
7337291|
7337292|
7337293|
7337294|
7337295|
7337296|
7337297|
7337298|
7337299|
7337300|
7337301|
7337302|
7337303|
7337304|
7337305|
7337306|
7337307|
7337308|
7337309|
7337310|
7337311|
7337312|
7337313|
7337314|
7337315|
7337316|
7337317|
7337318|
7337319|
7337320|
7337321|
7337322|
7337323|
7337324|
7337325|
7337326|
7337327|
7337328|
7337329|
7337330|
7337331|
7337332|
7337333|
7337334|
7337335|
7337336|
7337337|
7337338|
7337339|
7337340|
7337341|
7337342|
7337343|
7337344|
7337345|
7337346|
7337347|
7337348|
7337349|
7337350|
7337351|
7337352|
7337353|
7337354|
7337355|
7337356|
7337357|
7337358|
7337359|
7337360|
7337361|
7337362|
7337363|
7337364|
7337365|
7337366|
7337367|
7337368|
7337369|
7337370|
7337371|
7337372|
7337373|
7337374|
7337375|
7337376|
7337377|
7337378|
7337379|
7337380|
7337381|
7337382|
7337383|
7337384|
7337385|
7337386|
7337387|
7337388|
7337389|
7337390|
7337391|
7337392|
7337393|
7337394|
7337395|
7337396|
7337397|
7337398|
7337399|
7337400|
7337401|
7337402|
7337403|
7337404|
7337405|
7337406|
7337407|
7337408|
7337409|
7337410|
7337411|
7337412|
7337413|
7337414|
7337415|
7337416|
7337417|
7337418|
7337419|
7337420|
7337421|
7337422|
7337423|
7337424|
7337425|
7337426|
7337427|
7337428|
7337429|
7337430|
7337431|
7337432|
7337433|
7337434|
7337435|
7337436|
7337437|
7337438|
7337439|
7337440|
7337441|
7337442|
7337443|
7337444|
7337445|
7337446|
7337447|
7337448|
7337449|
7337450|
7337451|
7337452|
7337453|
7337454|
7337455|
7337456|
7337457|
7337458|
7337459|
7337460|
7337461|
7337462|
7337463|
7337464|
7337465|
7337466|
7337467|
7337468|
7337469|
7337470|
7337471|
7337472|
7337473|
7337474|
7337475|
7337476|
7337477|
7337478|
7337479|
7337480|
7337481|
7337482|
7337483|
7337484|
7337485|
7337486|
7337487|
7337488|
7337489|
7337490|
7337491|
7337492|
7337493|
7337494|
7337495|
7337496|
7337497|
7337498|
7337499|
7337500|
7337501|
7337503|
7337504|
7337507|
7337508|
7337509|
7337510|
7337511|
7337512|
7337513|
7337514|
7337516|
7337518|
7337519|
7337521|
7337522|
7337523|
7337537|
7337544|
4990380|
7125674|
7334570|
7334642|
7334662|
7334686|
7334701|
7334702|
7334703|
7334704|
7334705|
7334706|
7334707|
7334708|
7334709|
7334710|
7334711|
7334712|
7334713|
7334714|
7334715|
7334716|
7334717|
7334718|
7334719|
7334720|
7334721|
7334722|
7334723|
7334724|
7334725|
7334726|
7334727|
7334728|
7334729|
7334730|
7334731|
7334732|
7334733|
7334734|
7334735|
7334736|
7334737|
7334738|
7334739|
7334740|
7334741|
7334742|
7334743|
7334744|
7334745|
7334746|
7334747|
7334748|
7334749|
7334750|
7334751|
7334752|
7334753|
7334754|
7334755|
7334756|
7334757|
7334758|
7334759|
7334760|
7334761|
7334762|
7334763|
7334764|
7334765|
7334766|
7334767|
7334768|
7334769|
7334770|
7334771|
7334772|
7334773|
7334774|
7334775|
7334776|
7334777|
7334778|
7334779|
7334780|
7334781|
7334782|
7334783|
7334784|
7334785|
7334786|
7334787|
7334788|
7334789|
7334790|
7334791|
7334792|
7334793|
7334794|
7334795|
7334796|
7334797|
7334798|
7334799|
7334800|
7334801|
7334802|
7334803|
7334804|
7334805|
7334806|
7334807|
7334808|
7334809|
7334810|
7334811|
7334812|
7334813|
7334815|
7334816|
7334817|
7334818|
7334819|
7334820|
7334821|
7334822|
7334823|
7334824|
7334825|
7334826|
7334827|
7334828|
7334829|
7334830|
7334831|
7334832|
7334833|
7334834|
7334835|
7334836|
7334837|
7334838|
7334839|
7334840|
7334841|
7334842|
7334843|
7334844|
7334845|
7334846|
7334847|
7334848|
7334849|
7334850|
7334851|
7334852|
7334853|
7334854|
7334855|
7334856|
7334857|
7334858|
7334859|
7334860|
7334861|
7334862|
7334863|
7334864|
7334865|
7334866|
7334867|
7334868|
7334869|
7334870|
7334871|
7334872|
7334873|
7334874|
7334875|
7334876|
7334877|
7334878|
7334879|
7334880|
7334881|
7334882|
7334883|
7334884|
7334885|
7334886|
7334887|
7334888|
7334889|
7334890|
7334891|
7334892|
7334893|
7334894|
7334895|
7334896|
7334897|
7334898|
7334899|
7334900|
7334901|
7334902|
7334903|
7334904|
7334905|
7334906|
7334907|
7334908|
7334909|
7334910|
7334911|
7334912|
7334913|
7334914|
7334915|
7334916|
7334917|
7334918|
7334919|
7334920|
7334921|
7334922|
7334923|
7334924|
7334925|
7334926|
7334927|
7334928|
7334929|
7334930|
7334932|
7334933|
7334934|
7334935|
7334936|
7334937|
7334938|
7334939|
7334940|
7334941|
7334942|
7334943|
7334944|
7334945|
7334946|
7334947|
7334948|
7334949|
7334950|
7334951|
7334952|
7334953|
7334954|
7334955|
7334956|
7334957|
7334958|
7334959|
7334960|
7334961|
7334962|
7334963|
7334964|
7334965|
7334966|
7334967|
7334968|
7334969|
7334970|
7334971|
7334972|
7334973|
7334974|
7334975|
7334976|
7334977|
7334978|
7334979|
7334980|
7334981|
7334982|
7334983|
7334984|
7334985|
7334986|
7334987|
7334988|
7334989|
7334990|
7334991|
7334992|
7334993|
7334994|
7334995|
7334996|
7334997|
7334998|
7334999|
7335000|
7335001|
7335002|
7335003|
7335004|
7335005|
7335006|
7335007|
7335008|
7335009|
7335010|
7335011|
7335012|
7335013|
7335014|
7335015|
7335016|
7335017|
7335018|
7335019|
7335020|
7335021|
7335022|
7335023|
7335024|
7335025|
7335026|
7335027|
7335028|
7335029|
7335030|
7335031|
7335032|
7335033|
7335034|
7335035|
7335036|
7335037|
7335038|
7335039|
7335040|
7335041|
7335042|
7335043|
7335044|
7335045|
7335046|
7335047|
7335048|
7335049|
7335050|
7335051|
7335052|
7335053|
7335054|
7335055|
7335056|
7335057|
7335058|
7335059|
7335060|
7335061|
7335062|
7335063|
7335064|
7335065|
7335066|
7335067|
7335068|
7335069|
7335070|
7335071|
7335072|
7335073|
7335074|
7335075|
7335076|
7335077|
7335078|
7335079|
7335080|
7335081|
7335082|
7335083|
7335084|
7335085|
7335086|
7335087|
7335088|
7335089|
7335090|
7335091|
7335092|
7335093|
7335094|
7335095|
7335096|
7335097|
7335098|
7335099|
7335100|
7335101|
7335102|
7335103|
7335104|
7335105|
7335106|
7335107|
7335108|
7335109|
7335110|
7335111|
7335112|
7335113|
7335114|
7335115|
7335116|
7335117|
7335118|
7335119|
7335120|
7335121|
7335122|
7335123|
7335124|
7335125|
7335126|
7335127|
7335128|
7335129|
7335130|
7335131|
7335132|
7335133|
7335134|
7335135|
7335136|
7335137|
7335138|
7335139|
7335140|
7335141|
7335142|
7335143|
7335144|
7335145|
7335146|
7335147|
7335148|
7335149|
7335150|
7335151|
7335152|
7335153|
7335154|
7335155|
7335156|
7335157|
7335158|
7335159|
7335160|
7335161|
7335162|
7335163|
7335164|
7335165|
7335166|
7335167|
7335168|
7335169|
7335170|
7335171|
7335172|
7335173|
7335174|
7335175|
7335176|
7335177|
7335178|
7335179|
7335180|
7335181|
7335184|
7335253|
7335257|
7335259|
7335260|
7335273|
7335279|
7335281|
7335285|
7335292|
7335298|
7335300|
7335302|
